0.000000,0.601346,0.603015,0.593396,0.577307,0.615749
1.000000,0.602293,0.603165,0.595166,0.580405,0.605781
2.000000,0.603239,0.603514,0.596898,0.583180,0.605034
3.000000,0.604934,0.603289,0.598717,0.585472,0.605034
4.000000,0.608572,0.603788,0.600760,0.587682,0.611263
5.000000,0.608622,0.604984,0.602230,0.589941,0.615998
6.000000,0.611164,0.606728,0.603339,0.592325,0.618490
7.000000,0.614154,0.608697,0.604685,0.594501,0.619985
8.000000,0.616297,0.610615,0.605893,0.596586,0.615749
9.000000,0.619736,0.614154,0.607638,0.598771,0.628458
10.000000,0.620782,0.614702,0.608859,0.600498,0.621231
11.000000,0.621929,0.616546,0.609855,0.602293,0.624221
12.000000,0.623324,0.618739,0.611126,0.604178,0.626962
13.000000,0.627062,0.621680,0.612484,0.606371,0.634438
14.000000,0.627361,0.623548,0.613668,0.608356,0.629953
15.000000,0.630152,0.625467,0.615226,0.609976,0.635186
16.000000,0.632445,0.627187,0.616957,0.611288,0.635684
17.000000,0.635634,0.629479,0.619088,0.612950,0.642911
18.000000,0.637079,0.632071,0.621343,0.614619,0.641665
19.000000,0.638525,0.632943,0.623548,0.616073,0.637179
20.000000,0.638923,0.634538,0.624620,0.617418,0.637179
21.000000,0.639721,0.636083,0.626314,0.618598,0.639671
22.000000,0.637279,0.636457,0.627598,0.619570,0.630700
23.000000,0.644804,0.640942,0.631311,0.621970,0.679292
24.000000,0.655719,0.647122,0.635335,0.624819,0.691752
25.000000,0.667580,0.653252,0.639360,0.627901,0.696486
26.000000,0.683379,0.661550,0.644368,0.631822,0.718664
27.000000,0.699826,0.668552,0.649016,0.635576,0.712933
28.000000,0.710491,0.677648,0.654859,0.640111,0.732619
29.000000,0.721854,0.688786,0.660865,0.645294,0.748567
30.000000,0.736307,0.701944,0.668241,0.650395,0.768752
31.000000,0.746923,0.715151,0.675617,0.655927,0.771742
32.000000,0.760927,0.730376,0.683416,0.661857,0.782955
33.000000,0.767356,0.738923,0.689933,0.667182,0.764765
34.000000,0.768652,0.745253,0.696187,0.671974,0.755046
35.000000,0.768253,0.752280,0.702766,0.677000,0.766758
36.000000,0.762372,0.754647,0.708099,0.681128,0.742337
37.000000,0.756292,0.758610,0.713581,0.685547,0.752554
38.000000,0.756192,0.761774,0.719711,0.690498,0.764266
39.000000,0.756242,0.762447,0.725617,0.694725,0.755295
40.000000,0.753003,0.760628,0.731286,0.699036,0.750561
41.000000,0.755744,0.759058,0.737104,0.703431,0.756043
42.000000,0.760179,0.758236,0.744306,0.708356,0.774732
43.000000,0.761924,0.759058,0.748991,0.712974,0.772988
44.000000,0.765861,0.761052,0.753152,0.717809,0.774981
45.000000,0.772091,0.762547,0.757413,0.722693,0.781709
46.000000,0.776277,0.766010,0.760329,0.727403,0.776975
47.000000,0.777872,0.769026,0.763818,0.732062,0.782706
48.000000,0.782258,0.772091,0.766932,0.737171,0.794917
49.000000,0.789185,0.777523,0.769985,0.742919,0.809619
50.000000,0.794617,0.783354,0.771991,0.748642,0.808871
51.000000,0.800249,0.788263,0.773661,0.754157,0.805133
52.000000,0.806080,0.791976,0.775106,0.760196,0.811861
53.000000,0.810416,0.796337,0.777697,0.764773,0.816596
54.000000,0.810615,0.799900,0.780476,0.768735,0.810615
55.000000,0.813058,0.803838,0.783192,0.772888,0.821081
56.000000,0.814254,0.807251,0.786631,0.775970,0.811114
57.000000,0.815599,0.810840,0.789933,0.779492,0.818590
58.000000,0.815500,0.812958,0.792524,0.782274,0.816098
59.000000,0.816845,0.813730,0.795627,0.784567,0.817344
60.000000,0.812011,0.812534,0.797944,0.785505,0.796910
61.000000,0.806728,0.810491,0.799377,0.785937,0.784700
62.000000,0.793222,0.804411,0.798193,0.784874,0.751059
63.000000,0.780264,0.797882,0.797109,0.784426,0.751308
64.000000,0.765163,0.791004,0.795452,0.783985,0.741839
65.000000,0.756990,0.784500,0.794169,0.783628,0.756043
66.000000,0.750062,0.778395,0.792823,0.783886,0.750062
67.000000,0.753451,0.773337,0.792088,0.784401,0.768004
68.000000,0.757588,0.768926,0.790942,0.784658,0.771991
69.000000,0.762173,0.763668,0.788699,0.784974,0.764765
70.000000,0.752803,0.754897,0.783715,0.783595,0.709195
71.000000,0.748318,0.749190,0.779841,0.782648,0.727635
72.000000,0.737802,0.745627,0.775019,0.780671,0.715425
73.000000,0.724047,0.740817,0.769350,0.778345,0.703215
74.000000,0.711737,0.736955,0.763980,0.775953,0.703215
75.000000,0.712385,0.732594,0.758547,0.773644,0.712435
76.000000,0.709843,0.729080,0.753738,0.771576,0.714926
77.000000,0.711837,0.724819,0.749078,0.769665,0.725392
78.000000,0.713431,0.718739,0.743833,0.766874,0.711189
79.000000,0.713930,0.712833,0.738251,0.763411,0.705706
80.000000,0.714428,0.713406,0.734152,0.760279,0.714926
81.000000,0.716322,0.713082,0.731136,0.757588,0.724396
82.000000,0.713431,0.712634,0.729130,0.754224,0.710939
83.000000,0.716521,0.714976,0.727897,0.751225,0.726638
84.000000,0.724097,0.719013,0.727984,0.748991,0.743583
85.000000,0.728881,0.721655,0.727124,0.746250,0.738849
86.000000,0.733865,0.725093,0.727087,0.744190,0.749315
87.000000,0.740693,0.727062,0.725941,0.741739,0.745078
88.000000,0.745527,0.731024,0.724882,0.739563,0.750810
89.000000,0.749215,0.736656,0.724745,0.737719,0.762023
90.000000,0.752305,0.740593,0.727000,0.736299,0.754299
91.000000,0.756641,0.745253,0.729168,0.735842,0.770994
92.000000,0.762621,0.751657,0.732146,0.736639,0.774981
93.000000,0.766359,0.755943,0.735460,0.737246,0.769499
94.000000,0.770446,0.759831,0.739422,0.738600,0.782457
95.000000,0.777423,0.764864,0.743259,0.739704,0.789185
96.000000,0.782756,0.769698,0.747396,0.741291,0.797658
97.000000,0.781909,0.772265,0.749664,0.741382,0.770745
98.000000,0.782656,0.774508,0.752766,0.741424,0.773237
99.000000,0.778021,0.774234,0.755445,0.741241,0.759282
100.000000,0.773935,0.775679,0.758136,0.743226,0.768752
101.000000,0.766908,0.774832,0.760042,0.744389,0.762522
102.000000,0.767207,0.774558,0.763107,0.746283,0.772240
103.000000,0.766010,0.774333,0.765138,0.748418,0.767256
104.000000,0.766160,0.772091,0.765961,0.750311,0.760030
105.000000,0.763419,0.768677,0.766770,0.751732,0.755046
106.000000,0.760578,0.763743,0.766721,0.752845,0.748318
107.000000,0.757887,0.762547,0.767406,0.753958,0.758784
108.000000,0.758933,0.762472,0.768490,0.756001,0.772489
109.000000,0.761326,0.763743,0.768988,0.758211,0.771991
110.000000,0.761924,0.762671,0.769175,0.759648,0.758036
111.000000,0.762273,0.761425,0.768129,0.760503,0.750062
112.000000,0.763070,0.760478,0.767518,0.762231,0.762771
113.000000,0.760927,0.759930,0.767132,0.763402,0.761774
114.000000,0.759930,0.760628,0.766359,0.764183,0.767007
115.000000,0.764216,0.763070,0.765873,0.765537,0.779467
116.000000,0.770745,0.766509,0.765126,0.766650,0.782706
117.000000,0.769100,0.766085,0.764316,0.766966,0.754548
118.000000,0.765612,0.763269,0.762871,0.766750,0.744331
119.000000,0.759581,0.759756,0.761749,0.765911,0.736855
120.000000,0.755295,0.759756,0.761214,0.766035,0.758036
121.000000,0.752205,0.761475,0.761450,0.765911,0.767256
122.000000,0.758684,0.763892,0.762185,0.766309,0.786942
123.000000,0.768253,0.766932,0.763431,0.767065,0.792175
124.000000,0.778819,0.769200,0.764914,0.767306,0.789684
125.000000,0.784500,0.769898,0.766484,0.767215,0.786444
126.000000,0.788188,0.770197,0.768353,0.766816,0.785696
127.000000,0.789783,0.774234,0.770159,0.767622,0.794917
128.000000,0.789135,0.778694,0.770982,0.768145,0.788936
129.000000,0.792524,0.785672,0.772714,0.769723,0.806628
130.000000,0.795913,0.790207,0.774981,0.770878,0.803389
131.000000,0.800897,0.794543,0.778009,0.772481,0.810615
132.000000,0.803937,0.796860,0.780376,0.773744,0.810117
133.000000,0.809220,0.799178,0.783055,0.775347,0.815350
134.000000,0.809569,0.801047,0.785123,0.776958,0.808373
135.000000,0.813905,0.804909,0.787403,0.779292,0.825069
136.000000,0.820184,0.810541,0.790369,0.782415,0.842013
137.000000,0.827859,0.815898,0.795066,0.785406,0.848492
138.000000,0.836332,0.822776,0.800735,0.788247,0.857712
139.000000,0.846300,0.827934,0.806803,0.791121,0.858211
140.000000,0.852430,0.833167,0.811687,0.794377,0.855719
141.000000,0.854174,0.837179,0.815861,0.797732,0.850735
142.000000,0.851832,0.839846,0.818353,0.800199,0.836780
143.000000,0.844755,0.840543,0.819860,0.802218,0.822327
144.000000,0.839472,0.842886,0.821966,0.804377,0.831797
145.000000,0.837279,0.844854,0.824882,0.806554,0.844755
146.000000,0.841864,0.848019,0.829280,0.809586,0.873661
147.000000,0.848542,0.850187,0.833043,0.813440,0.870172
148.000000,0.859507,0.852131,0.837453,0.817867,0.877149
149.000000,0.839472,0.839472,0.833703,0.817692,0.731622
150.000000,0.817493,0.827386,0.830277,0.816920,0.734862
151.000000,0.792275,0.817070,0.827124,0.816264,0.747570
152.000000,0.768054,0.808298,0.824072,0.815001,0.749066
153.000000,0.742138,0.800822,0.820683,0.813514,0.747570
154.000000,0.745328,0.792400,0.817643,0.812111,0.747570
155.000000,0.747271,0.782382,0.813618,0.810715,0.744580
156.000000,0.745078,0.768677,0.808348,0.809079,0.736606
157.000000,0.743434,0.755744,0.802965,0.807276,0.740842
158.000000,0.739347,0.740743,0.796437,0.805216,0.727137
159.000000,0.738699,0.742013,0.790743,0.803140,0.744331
160.000000,0.740244,0.743758,0.785572,0.801437,0.752305
161.000000,0.746524,0.745801,0.781435,0.800017,0.768004
162.000000,0.751557,0.747496,0.777897,0.798546,0.766010
163.000000,0.758933,0.749140,0.774981,0.796835,0.764017
164.000000,0.758535,0.748617,0.770508,0.794634,0.742337
165.000000,0.757588,0.748916,0.765649,0.792051,0.747570
166.000000,0.753601,0.750062,0.759370,0.788919,0.748069
167.000000,0.745577,0.748567,0.752155,0.784833,0.725891
168.000000,0.735460,0.747197,0.743970,0.780023,0.713431
169.000000,0.730576,0.744555,0.743284,0.775347,0.717917
170.000000,0.726638,0.742113,0.742935,0.771086,0.727884
171.000000,0.721505,0.737553,0.741677,0.766808,0.722402
172.000000,0.722751,0.734164,0.740830,0.763319,0.732121
173.000000,0.728433,0.731946,0.740543,0.760636,0.741839
174.000000,0.733666,0.732121,0.740369,0.757712,0.744082
175.000000,0.736307,0.731473,0.740194,0.754257,0.741091
176.000000,0.740394,0.730949,0.740506,0.749896,0.742836
177.000000,0.744779,0.733765,0.741166,0.746025,0.754049
178.000000,0.747820,0.738126,0.742661,0.742022,0.757040
179.000000,0.751757,0.742711,0.743633,0.743093,0.763768
180.000000,0.756491,0.746399,0.744256,0.744090,0.764765
181.000000,0.760628,0.750511,0.744032,0.744622,0.763519
182.000000,0.763220,0.754000,0.744082,0.745220,0.767007
183.000000,0.767805,0.757812,0.744879,0.746300,0.779965
184.000000,0.771293,0.761525,0.746823,0.747421,0.781211
185.000000,0.775679,0.766085,0.748779,0.748825,0.786693
186.000000,0.778570,0.769599,0.750274,0.750204,0.777972
187.000000,0.781012,0.772116,0.752940,0.751483,0.779218
188.000000,0.785547,0.776676,0.757401,0.754000,0.802641
189.000000,0.788139,0.779716,0.761214,0.755661,0.794169
190.000000,0.786893,0.781286,0.763843,0.756599,0.780463
191.000000,0.788637,0.783603,0.767057,0.757222,0.786693
192.000000,0.787590,0.784301,0.769150,0.757488,0.773985
193.000000,0.779517,0.782532,0.770172,0.757430,0.762273
194.000000,0.774084,0.781111,0.771318,0.758252,0.767007
195.000000,0.772440,0.779666,0.772876,0.759075,0.772240
196.000000,0.770297,0.779467,0.774533,0.760005,0.775978
197.000000,0.772340,0.779965,0.776040,0.761949,0.784201
198.000000,0.775280,0.777398,0.777037,0.764067,0.776975
199.000000,0.779716,0.776900,0.778308,0.766442,0.789185
200.000000,0.787042,0.779741,0.780513,0.769142,0.808871
201.000000,0.793970,0.782133,0.782868,0.772082,0.810615
202.000000,0.800050,0.786195,0.785248,0.774832,0.814603
203.000000,0.806828,0.791054,0.786793,0.777133,0.810865
204.000000,0.809469,0.794593,0.787852,0.779076,0.802392
205.000000,0.807077,0.797060,0.788363,0.780937,0.796910
206.000000,0.804984,0.799477,0.789472,0.782847,0.800150
207.000000,0.801445,0.800748,0.790356,0.784276,0.796910
208.000000,0.799352,0.803090,0.790244,0.785721,0.800399
209.000000,0.798904,0.804186,0.790543,0.786934,0.800150
210.000000,0.797907,0.802492,0.791116,0.787840,0.791926
211.000000,0.797060,0.801022,0.791577,0.788919,0.795913
212.000000,0.797558,0.799502,0.792848,0.789999,0.799402
213.000000,0.795016,0.797184,0.794119,0.790257,0.787690
214.000000,0.792873,0.795888,0.795240,0.790531,0.789434
215.000000,0.788438,0.793172,0.795116,0.789966,0.769748
216.000000,0.782656,0.789858,0.794667,0.789600,0.767007
217.000000,0.778769,0.788163,0.794456,0.789625,0.779965
218.000000,0.765562,0.780289,0.791690,0.786926,0.721655
219.000000,0.751956,0.772415,0.788301,0.784500,0.721405
220.000000,0.744829,0.766633,0.784563,0.782955,0.734114
221.000000,0.740244,0.761450,0.781236,0.781535,0.744082
222.000000,0.733018,0.755893,0.777697,0.780530,0.743833
223.000000,0.734413,0.749988,0.773586,0.779409,0.728632
224.000000,0.735759,0.743857,0.769873,0.778113,0.728134
225.000000,0.735958,0.740394,0.766783,0.776875,0.735111
226.000000,0.733416,0.736830,0.763344,0.775388,0.731373
227.000000,0.729928,0.731473,0.759818,0.773461,0.726389
228.000000,0.729330,0.731871,0.756080,0.771750,0.725642
229.000000,0.728831,0.732295,0.752355,0.769632,0.725642
230.000000,0.726638,0.731298,0.748966,0.766808,0.724147
231.000000,0.725193,0.729305,0.745378,0.763926,0.724147
232.000000,0.724296,0.727112,0.741503,0.760836,0.721904
233.000000,0.721904,0.725617,0.737802,0.757596,0.713681
234.000000,0.719013,0.723922,0.733890,0.754556,0.711189
235.000000,0.718914,0.722776,0.731585,0.752114,0.723648
236.000000,0.717369,0.721281,0.729056,0.749323,0.716422
237.000000,0.715425,0.719860,0.725667,0.746499,0.712185
238.000000,0.710890,0.716397,0.724134,0.742852,0.691004
239.000000,0.707202,0.713107,0.722701,0.739272,0.692749
240.000000,0.699377,0.709145,0.720222,0.735692,0.684525
241.000000,0.697035,0.707202,0.718253,0.732652,0.704710
242.000000,0.693347,0.704386,0.715749,0.729130,0.693745
243.000000,0.695689,0.703289,0.714453,0.726298,0.702716
244.000000,0.700523,0.703862,0.713892,0.723881,0.716920
245.000000,0.708497,0.703937,0.713357,0.722369,0.724396
246.000000,0.713531,0.705283,0.713282,0.721131,0.729878
247.000000,0.721405,0.707376,0.713618,0.719570,0.733117
248.000000,0.727286,0.711488,0.713942,0.719919,0.732121
249.000000,0.730974,0.715749,0.714428,0.720384,0.735360
250.000000,0.731971,0.720234,0.714690,0.720226,0.729380
251.000000,0.732669,0.723100,0.715151,0.719869,0.733367
252.000000,0.731672,0.726539,0.715462,0.719345,0.728134
253.000000,0.733666,0.730476,0.716883,0.719794,0.742088
254.000000,0.733217,0.732096,0.717979,0.719960,0.733117
255.000000,0.737503,0.734737,0.719337,0.720483,0.750810
256.000000,0.740244,0.736457,0.720870,0.721007,0.747072
257.000000,0.746773,0.739223,0.723299,0.722153,0.760777
258.000000,0.750910,0.742288,0.726888,0.723391,0.762771
259.000000,0.753003,0.743110,0.729429,0.723989,0.743583
260.000000,0.753900,0.745701,0.732968,0.725027,0.755295
261.000000,0.757388,0.748816,0.735958,0.726373,0.764515
262.000000,0.754199,0.750486,0.738512,0.727137,0.744829
263.000000,0.752953,0.751931,0.741204,0.728565,0.756541
264.000000,0.756491,0.754747,0.743421,0.730235,0.761276
265.000000,0.759731,0.756815,0.745776,0.731830,0.771493
266.000000,0.759930,0.758659,0.747558,0.733466,0.765512
267.000000,0.758086,0.756143,0.747683,0.734247,0.735609
268.000000,0.751209,0.752081,0.747184,0.735285,0.722153
269.000000,0.744231,0.750361,0.746736,0.736407,0.726389
270.000000,0.733267,0.746499,0.746100,0.737478,0.716671
271.000000,0.725392,0.742661,0.745739,0.738193,0.726140
272.000000,0.721156,0.739621,0.745054,0.738882,0.714428
273.000000,0.714727,0.732968,0.742450,0.738458,0.690007
274.000000,0.712136,0.728183,0.741465,0.738342,0.713431
275.000000,0.708846,0.721057,0.738936,0.737536,0.700224
276.000000,0.705457,0.715425,0.737042,0.736847,0.709195
277.000000,0.706055,0.713606,0.734874,0.736324,0.717418
278.000000,0.711039,0.712883,0.732482,0.735750,0.714926
279.000000,0.713930,0.713033,0.731697,0.735501,0.727884
280.000000,0.723399,0.716123,0.731311,0.736108,0.747570
281.000000,0.729679,0.717568,0.730115,0.736349,0.740593
282.000000,0.735709,0.720882,0.730252,0.736996,0.747570
283.000000,0.745427,0.728233,0.730601,0.737711,0.763519
284.000000,0.749713,0.731822,0.730002,0.738251,0.749315
285.000000,0.752006,0.737702,0.729380,0.738525,0.759033
286.000000,0.754149,0.741914,0.728669,0.738666,0.751308
287.000000,0.756940,0.746324,0.729965,0.738691,0.761525
288.000000,0.755644,0.750536,0.731709,0.738500,0.757040
289.000000,0.758535,0.754124,0.733578,0.739173,0.763768
290.000000,0.764515,0.758261,0.737192,0.740294,0.788936
291.000000,0.773436,0.763793,0.740680,0.741341,0.795913
292.000000,0.775330,0.766135,0.743509,0.742213,0.770994
293.000000,0.781062,0.768353,0.748293,0.743185,0.785696
294.000000,0.785896,0.772215,0.752018,0.744073,0.787939
295.000000,0.786245,0.775380,0.756541,0.744713,0.790680
296.000000,0.787889,0.780663,0.761288,0.746000,0.804137
297.000000,0.793122,0.784226,0.765275,0.748052,0.797159
298.000000,0.793770,0.787416,0.768976,0.750278,0.788936
299.000000,0.793571,0.789733,0.771929,0.752297,0.786942
300.000000,0.791179,0.788712,0.773486,0.754365,0.778719
301.000000,0.785696,0.786793,0.775293,0.756051,0.776726
302.000000,0.782906,0.788014,0.777075,0.758344,0.783205
303.000000,0.786045,0.789908,0.779130,0.762165,0.804635
304.000000,0.787889,0.790730,0.781473,0.764922,0.796162
305.000000,0.791976,0.791577,0.783479,0.768220,0.799153
306.000000,0.798505,0.792101,0.786382,0.771559,0.809370
307.000000,0.800748,0.791827,0.788026,0.774126,0.794418
308.000000,0.799352,0.792699,0.790057,0.776883,0.797658
309.000000,0.796810,0.792350,0.791042,0.778736,0.783454
310.000000,0.793521,0.792749,0.790730,0.779907,0.782706
311.000000,0.789434,0.793970,0.790381,0.781518,0.788936
312.000000,0.790880,0.795814,0.791914,0.783321,0.801645
313.000000,0.792375,0.795863,0.792886,0.784708,0.805133
314.000000,0.799850,0.798330,0.794530,0.787092,0.820832
315.000000,0.806977,0.800249,0.795913,0.789069,0.818340
316.000000,0.809419,0.799427,0.795764,0.790730,0.801146
317.000000,0.804685,0.797782,0.794804,0.791278,0.777972
318.000000,0.804735,0.798555,0.795627,0.792890,0.805383
319.000000,0.805532,0.802691,0.797521,0.794925,0.824819
320.000000,0.805532,0.806255,0.799502,0.795905,0.818340
321.000000,0.805233,0.807326,0.800648,0.796030,0.799651
322.000000,0.810715,0.807700,0.801757,0.797176,0.805383
323.000000,0.811413,0.808074,0.801969,0.797948,0.808871
324.000000,0.808771,0.807152,0.802741,0.798737,0.811612
325.000000,0.807077,0.806305,0.803277,0.799377,0.809868
326.000000,0.809768,0.807501,0.803464,0.799676,0.813107
327.000000,0.814154,0.812435,0.805108,0.800681,0.827311
328.000000,0.818041,0.814727,0.806641,0.801994,0.828308
329.000000,0.821381,0.815076,0.808884,0.803372,0.828308
330.000000,0.822626,0.814852,0.810553,0.804618,0.816098
331.000000,0.822826,0.816297,0.811812,0.805864,0.814104
332.000000,0.820085,0.817119,0.812410,0.806878,0.813606
333.000000,0.815998,0.817020,0.812547,0.806986,0.807874
334.000000,0.811662,0.816521,0.811837,0.807334,0.806628
335.000000,0.811513,0.817070,0.811687,0.807874,0.815350
336.000000,0.809519,0.816172,0.811837,0.807700,0.804137
337.000000,0.806678,0.813382,0.812908,0.807866,0.799402
338.000000,0.802392,0.809195,0.811961,0.807492,0.786444
339.000000,0.799801,0.805731,0.810404,0.807833,0.793671
340.000000,0.796561,0.804037,0.809444,0.808381,0.799153
341.000000,0.798206,0.803862,0.810080,0.809162,0.812360
342.000000,0.797907,0.802293,0.809706,0.809037,0.797907
343.000000,0.796910,0.799651,0.808335,0.808248,0.781460
344.000000,0.789983,0.794892,0.805706,0.806188,0.759033
345.000000,0.782856,0.789708,0.803389,0.804361,0.763519
346.000000,0.775679,0.786942,0.801557,0.803538,0.776476
347.000000,0.771443,0.784675,0.799028,0.803497,0.776726
348.000000,0.771393,0.784152,0.796673,0.802691,0.781211
349.000000,0.775878,0.782930,0.794331,0.801246,0.781460
350.000000,0.780065,0.781460,0.792749,0.800116,0.784451
351.000000,0.784500,0.780090,0.791976,0.800083,0.798654
352.000000,0.789833,0.780638,0.791465,0.800017,0.803389
353.000000,0.793621,0.782507,0.791079,0.799726,0.800150
354.000000,0.797508,0.786693,0.790792,0.799369,0.800897
355.000000,0.800349,0.790207,0.789958,0.798995,0.798654
356.000000,0.800199,0.792350,0.789646,0.798488,0.797907
357.000000,0.799801,0.794817,0.789746,0.797624,0.801395
358.000000,0.801744,0.797683,0.790917,0.797010,0.809868
359.000000,0.806529,0.802018,0.792474,0.796893,0.824819
360.000000,0.814104,0.807227,0.794343,0.797575,0.836531
361.000000,0.821181,0.810690,0.795390,0.798214,0.833292
362.000000,0.825617,0.812709,0.796673,0.798546,0.823573
363.000000,0.825667,0.813705,0.798106,0.798621,0.810117
364.000000,0.823773,0.815151,0.800922,0.798912,0.815350
365.000000,0.816696,0.815400,0.802803,0.798438,0.801146
366.000000,0.811562,0.816372,0.804361,0.798555,0.807625
367.000000,0.808472,0.817045,0.805931,0.798845,0.808124
368.000000,0.809270,0.817468,0.807575,0.799767,0.814104
369.000000,0.808273,0.816023,0.809021,0.800324,0.810366
370.000000,0.809918,0.813307,0.810267,0.800665,0.809370
371.000000,0.808223,0.809893,0.810292,0.800224,0.799153
372.000000,0.806878,0.807675,0.810192,0.800341,0.801395
373.000000,0.803289,0.806280,0.809993,0.800831,0.796162
374.000000,0.798505,0.803389,0.809270,0.801744,0.786444
375.000000,0.797109,0.803514,0.809457,0.803040,0.802392
376.000000,0.800249,0.804236,0.810304,0.804319,0.814852
377.000000,0.802940,0.804909,0.810977,0.805590,0.814852
378.000000,0.809270,0.806280,0.811874,0.807143,0.827810
379.000000,0.812908,0.805706,0.810865,0.807916,0.804635
380.000000,0.811313,0.804211,0.808759,0.808248,0.794418
381.000000,0.807227,0.803738,0.806815,0.808107,0.794418
382.000000,0.802043,0.802492,0.805083,0.807625,0.788936
383.000000,0.794767,0.802018,0.804149,0.807334,0.791428
384.000000,0.808173,0.810541,0.806965,0.809693,0.871667
385.000000,0.824520,0.817917,0.810715,0.812277,0.876153
386.000000,0.840070,0.823648,0.813942,0.814752,0.872165
387.000000,0.856716,0.829380,0.817144,0.817111,0.872165
388.000000,0.874956,0.834862,0.820571,0.819537,0.882631
389.000000,0.876850,0.842512,0.824109,0.821414,0.881136
390.000000,0.877897,0.851209,0.827710,0.822909,0.881385
391.000000,0.878345,0.859208,0.831473,0.824279,0.874408
392.000000,0.877398,0.867057,0.834774,0.825741,0.867431
393.000000,0.875554,0.875255,0.838637,0.827851,0.873411
394.000000,0.873013,0.874931,0.842736,0.829620,0.868428
395.000000,0.869773,0.873835,0.845876,0.831755,0.865188
396.000000,0.866982,0.872664,0.848156,0.833516,0.860454
397.000000,0.862696,0.870047,0.849713,0.834779,0.846000
398.000000,0.857912,0.866733,0.850797,0.835958,0.849489
399.000000,0.855819,0.864416,0.853464,0.837545,0.857962
400.000000,0.854124,0.861949,0.856579,0.839123,0.856716
401.000000,0.853725,0.860354,0.859781,0.841100,0.858460
402.000000,0.854423,0.858560,0.862808,0.842703,0.849489
403.000000,0.856566,0.857239,0.866247,0.844838,0.860204
404.000000,0.858909,0.857364,0.866148,0.847612,0.869674
405.000000,0.862397,0.858261,0.866048,0.850004,0.874159
406.000000,0.871418,0.862572,0.867618,0.852961,0.903563
407.000000,0.881585,0.868004,0.869026,0.855810,0.900324
408.000000,0.891204,0.873885,0.870309,0.858493,0.908298
409.000000,0.901919,0.880414,0.872415,0.862447,0.923249
410.000000,0.912983,0.887690,0.874819,0.866949,0.929479
411.000000,0.916721,0.894069,0.877212,0.871210,0.922253
412.000000,0.920658,0.901121,0.879841,0.875579,0.920010
413.000000,0.924495,0.907849,0.882544,0.880115,0.927486
414.000000,0.927585,0.914752,0.886058,0.882349,0.938699
415.000000,0.931722,0.922352,0.890307,0.884816,0.950162
416.000000,0.935111,0.925916,0.894244,0.887050,0.939198
417.000000,0.939696,0.930177,0.899090,0.889409,0.942935
418.000000,0.942786,0.933641,0.903763,0.891420,0.942935
419.000000,0.942288,0.934936,0.907675,0.893255,0.936207
420.000000,0.937752,0.934737,0.911214,0.894792,0.927486
421.000000,0.934313,0.934712,0.914391,0.896378,0.922003
422.000000,0.931971,0.935834,0.918477,0.898505,0.931224
423.000000,0.930326,0.936556,0.922203,0.900548,0.934712
424.000000,0.928981,0.935634,0.925193,0.902583,0.929479
425.000000,0.929778,0.933765,0.928059,0.904793,0.931473
426.000000,0.932669,0.933491,0.929703,0.907326,0.936457
427.000000,0.931672,0.931822,0.930999,0.910001,0.926240
428.000000,0.928981,0.929654,0.931647,0.912393,0.921256
429.000000,0.928183,0.928582,0.931759,0.914644,0.925492
430.000000,0.927286,0.928532,0.931635,0.916986,0.926987
431.000000,0.927037,0.929853,0.932283,0.919545,0.935211
432.000000,0.926140,0.928906,0.932370,0.921954,0.921754
433.000000,0.921256,0.925118,0.930837,0.923175,0.896835
434.000000,0.912883,0.920533,0.928084,0.923640,0.883628
435.000000,0.903713,0.915500,0.924632,0.923872,0.881136
436.000000,0.888263,0.907650,0.920571,0.922352,0.857962
437.000000,0.876103,0.901121,0.916471,0.921040,0.860952
438.000000,0.868129,0.894692,0.912173,0.919329,0.856965
439.000000,0.859606,0.886245,0.907413,0.916588,0.841017
440.000000,0.846947,0.875330,0.901931,0.912867,0.817842
441.000000,0.838674,0.863469,0.896661,0.909345,0.816596
442.000000,0.830451,0.853277,0.891091,0.906005,0.819836
443.000000,0.820085,0.844107,0.884613,0.901927,0.805133
444.000000,0.810217,0.834912,0.877722,0.897026,0.791677
445.000000,0.806030,0.826489,0.870994,0.891918,0.796910
446.000000,0.797807,0.818241,0.862945,0.886461,0.775480
447.000000,0.779716,0.805083,0.853102,0.879342,0.729380
448.000000,0.759631,0.789858,0.842275,0.871401,0.704710
449.000000,0.741440,0.775829,0.831037,0.863552,0.700723
450.000000,0.723299,0.764665,0.819998,0.856176,0.706205
451.000000,0.712634,0.755221,0.809345,0.849514,0.722153
452.000000,0.716471,0.748094,0.800685,0.843426,0.748567
453.000000,0.727037,0.743334,0.793720,0.837520,0.757538
454.000000,0.744132,0.742786,0.788849,0.832744,0.786195
455.000000,0.758236,0.740768,0.783628,0.827585,0.776726
456.000000,0.773137,0.742886,0.780563,0.822925,0.796661
457.000000,0.785896,0.751184,0.778134,0.819129,0.812360
458.000000,0.795564,0.761301,0.775579,0.815284,0.805881
459.000000,0.795515,0.769823,0.772826,0.810632,0.785946
460.000000,0.797209,0.777722,0.771194,0.805906,0.785198
461.000000,0.798006,0.785572,0.770396,0.801420,0.800648
462.000000,0.797757,0.791827,0.769960,0.797732,0.811114
463.000000,0.800498,0.798031,0.770683,0.795157,0.819586
464.000000,0.804386,0.799950,0.771368,0.792549,0.805383
465.000000,0.809669,0.803439,0.772103,0.790232,0.811612
466.000000,0.812908,0.805457,0.774171,0.788861,0.816845
467.000000,0.815151,0.806454,0.778819,0.787574,0.822327
468.000000,0.814603,0.807550,0.784426,0.786236,0.816845
469.000000,0.805482,0.804934,0.787379,0.783529,0.759781
470.000000,0.803738,0.806703,0.792213,0.783030,0.802891
471.000000,0.800498,0.806703,0.796138,0.782499,0.800648
472.000000,0.797060,0.806105,0.798966,0.782008,0.805133
473.000000,0.793172,0.803887,0.800959,0.781751,0.797408
474.000000,0.802691,0.804087,0.802018,0.782274,0.807376
475.000000,0.803638,0.803688,0.803563,0.782631,0.807625
476.000000,0.809968,0.805233,0.805345,0.784525,0.832295
477.000000,0.817045,0.807052,0.806753,0.788230,0.840518
478.000000,0.825517,0.809345,0.808448,0.792732,0.839771
479.000000,0.833043,0.817867,0.811400,0.797541,0.845004
480.000000,0.838923,0.821281,0.813992,0.801902,0.837030
481.000000,0.831996,0.820982,0.813843,0.804419,0.797658
482.000000,0.811712,0.814378,0.810242,0.804103,0.739098
483.000000,0.796013,0.810765,0.807326,0.804228,0.761276
484.000000,0.781311,0.807177,0.805632,0.803738,0.771493
485.000000,0.765911,0.802417,0.803053,0.803181,0.760030
486.000000,0.759980,0.795988,0.800611,0.802226,0.768004
487.000000,0.762522,0.787117,0.797084,0.800208,0.751807
488.000000,0.761625,0.778819,0.794082,0.798571,0.756790
489.000000,0.753451,0.767381,0.792624,0.796727,0.730625
490.000000,0.748567,0.757239,0.789260,0.795074,0.735609
491.000000,0.741490,0.750735,0.785858,0.792807,0.732619
492.000000,0.736756,0.749639,0.782008,0.790041,0.728134
493.000000,0.727536,0.744580,0.777673,0.786411,0.710690
494.000000,0.726140,0.739796,0.773486,0.783686,0.723648
495.000000,0.726987,0.737777,0.770097,0.781294,0.739846
496.000000,0.726140,0.733815,0.764902,0.778345,0.728383
497.000000,0.729479,0.733117,0.760117,0.775762,0.744829
498.000000,0.738849,0.733192,0.756005,0.773785,0.757538
499.000000,0.745926,0.736033,0.751707,0.773760,0.759033
500.000000,0.748916,0.737952,0.747595,0.772157,0.754797
501.000000,0.757189,0.741665,0.746200,0.771127,0.769748
502.000000,0.761575,0.745527,0.747583,0.769848,0.766758
503.000000,0.761425,0.750137,0.747359,0.768494,0.756790
504.000000,0.760877,0.753401,0.746599,0.766791,0.756292
505.000000,0.754548,0.751732,0.744755,0.763975,0.723150
506.000000,0.743783,0.750486,0.742151,0.760096,0.715923
507.000000,0.736556,0.749066,0.741091,0.756433,0.730625
508.000000,0.735858,0.748642,0.740917,0.753551,0.753302
509.000000,0.727635,0.744256,0.740145,0.749223,0.715176
510.000000,0.721954,0.738251,0.738101,0.744480,0.694742
511.000000,0.713382,0.728582,0.735123,0.740327,0.673063
512.000000,0.696835,0.716696,0.731111,0.737287,0.647894
513.000000,0.670371,0.703115,0.726626,0.732611,0.620982
514.000000,0.655918,0.691777,0.722589,0.728325,0.642911
515.000000,0.645552,0.683753,0.717742,0.724421,0.642911
516.000000,0.640917,0.677149,0.713818,0.720483,0.649888
517.000000,0.642113,0.669474,0.709270,0.717219,0.653875
518.000000,0.647296,0.658834,0.703738,0.713556,0.646898
519.000000,0.651582,0.653750,0.699003,0.711346,0.664341
520.000000,0.655819,0.650685,0.694468,0.708963,0.664092
521.000000,0.656566,0.648742,0.688662,0.706329,0.653626
522.000000,0.655121,0.648617,0.682656,0.703613,0.646648
523.000000,0.652430,0.649863,0.676489,0.701038,0.633441
524.000000,0.651134,0.651358,0.671567,0.698845,0.657862
525.000000,0.655968,0.655893,0.669823,0.697126,0.688263
526.000000,0.660304,0.658435,0.667792,0.695357,0.675305
527.000000,0.667979,0.661550,0.665512,0.693363,0.685024
528.000000,0.678844,0.665637,0.662235,0.691037,0.687765
529.000000,0.684675,0.667904,0.660827,0.688637,0.687017
530.000000,0.682332,0.669150,0.659918,0.686029,0.676551
531.000000,0.681784,0.671044,0.659893,0.682789,0.672564
532.000000,0.679193,0.673586,0.661101,0.679633,0.672066
533.000000,0.680140,0.679492,0.664677,0.677490,0.692499
534.000000,0.681934,0.683304,0.667331,0.675480,0.695988
535.000000,0.687067,0.684700,0.670297,0.674782,0.702218
536.000000,0.693945,0.687864,0.673150,0.674483,0.706952
537.000000,0.704809,0.692001,0.676775,0.674342,0.726389
538.000000,0.710840,0.695490,0.680563,0.673320,0.722651
539.000000,0.718266,0.700100,0.684002,0.673918,0.733117
540.000000,0.727336,0.707202,0.688176,0.675679,0.747570
541.000000,0.734961,0.714453,0.692749,0.678080,0.745078
542.000000,0.739497,0.722153,0.697869,0.681452,0.749066
543.000000,0.745627,0.728233,0.703862,0.685863,0.753302
544.000000,0.749215,0.733740,0.708522,0.689468,0.751059
545.000000,0.749464,0.738400,0.711550,0.692998,0.748816
546.000000,0.746972,0.740967,0.714416,0.695755,0.732619
547.000000,0.743534,0.741515,0.716758,0.698355,0.731871
548.000000,0.737503,0.741565,0.718527,0.700897,0.723150
549.000000,0.733566,0.741390,0.720745,0.703131,0.731373
550.000000,0.730127,0.739796,0.723499,0.705383,0.731622
551.000000,0.731024,0.738998,0.726726,0.708165,0.737104
552.000000,0.729629,0.736581,0.729367,0.710773,0.724894
553.000000,0.731174,0.734338,0.731286,0.714021,0.730875
554.000000,0.732719,0.733142,0.733441,0.716729,0.739098
555.000000,0.737852,0.733990,0.736195,0.719030,0.757289
556.000000,0.740992,0.736008,0.738487,0.721613,0.752803
557.000000,0.750959,0.740294,0.740905,0.724603,0.774732
558.000000,0.760279,0.745726,0.743646,0.727594,0.777473
559.000000,0.767306,0.750012,0.745701,0.730501,0.774234
560.000000,0.770047,0.753950,0.746873,0.733649,0.770994
561.000000,0.772938,0.756965,0.747982,0.736805,0.767256
562.000000,0.770596,0.760777,0.748679,0.739837,0.763020
563.000000,0.769399,0.764839,0.749589,0.742470,0.771493
564.000000,0.768154,0.767730,0.750436,0.744871,0.768004
565.000000,0.767954,0.769001,0.751495,0.747130,0.769998
566.000000,0.769399,0.771169,0.753588,0.749381,0.774483
567.000000,0.773935,0.772265,0.756280,0.751358,0.785696
568.000000,0.777025,0.773212,0.759469,0.753501,0.786942
569.000000,0.781161,0.774657,0.762335,0.755353,0.788687
570.000000,0.788089,0.778021,0.765986,0.757256,0.804635
571.000000,0.795814,0.782607,0.769786,0.759523,0.813107
572.000000,0.802492,0.788213,0.774495,0.761857,0.819088
573.000000,0.810316,0.793671,0.779255,0.764283,0.826065
574.000000,0.820434,0.800797,0.784264,0.767223,0.839272
575.000000,0.825916,0.807002,0.788001,0.769998,0.832046
576.000000,0.826713,0.811263,0.791216,0.772813,0.817094
577.000000,0.825517,0.814004,0.793135,0.775521,0.813107
578.000000,0.822676,0.816496,0.794854,0.778478,0.811861
579.000000,0.818988,0.819711,0.797184,0.781460,0.820832
580.000000,0.819038,0.822477,0.800249,0.784816,0.832295
581.000000,0.820982,0.823847,0.803227,0.787806,0.826813
582.000000,0.823823,0.824670,0.806442,0.791220,0.827311
583.000000,0.825766,0.824221,0.808946,0.794244,0.821580
584.000000,0.824869,0.821929,0.811363,0.796819,0.816347
585.000000,0.815699,0.817369,0.812185,0.797791,0.786444
586.000000,0.809270,0.815126,0.813195,0.799186,0.794667
587.000000,0.802891,0.813357,0.813681,0.799875,0.795415
588.000000,0.794318,0.810042,0.813269,0.799917,0.778719
589.000000,0.786245,0.805557,0.812634,0.799975,0.775978
590.000000,0.786444,0.801072,0.811774,0.800523,0.787441
591.000000,0.785049,0.797159,0.810503,0.801204,0.787690
592.000000,0.784201,0.793546,0.809108,0.802143,0.791179
593.000000,0.782806,0.788562,0.806392,0.802151,0.771742
594.000000,0.792923,0.789584,0.805756,0.804103,0.826564
595.000000,0.804186,0.795315,0.806342,0.806562,0.843758
596.000000,0.814004,0.799527,0.807326,0.808639,0.836780
597.000000,0.825019,0.804610,0.808983,0.810657,0.846250
598.000000,0.837877,0.810341,0.810192,0.812293,0.836033
599.000000,0.840917,0.816920,0.811238,0.814063,0.841764
600.000000,0.838126,0.821156,0.811114,0.814902,0.829803
601.000000,0.834986,0.824495,0.810827,0.815167,0.821081
602.000000,0.826913,0.825966,0.809756,0.814727,0.805881
603.000000,0.821680,0.829778,0.809170,0.814187,0.809868
604.000000,0.816197,0.828557,0.809071,0.813357,0.814353
605.000000,0.814852,0.826489,0.810902,0.813058,0.823075
606.000000,0.817792,0.826389,0.812958,0.813681,0.835784
607.000000,0.824072,0.825492,0.815051,0.814486,0.837279
608.000000,0.831049,0.826364,0.818353,0.815583,0.844755
609.000000,0.835385,0.825791,0.821356,0.816089,0.836033
610.000000,0.841665,0.828258,0.824707,0.816829,0.854473
611.000000,0.841216,0.829504,0.827000,0.817053,0.833541
612.000000,0.841316,0.832694,0.829330,0.817402,0.837777
613.000000,0.841515,0.836282,0.833030,0.818207,0.845751
614.000000,0.842113,0.838749,0.833653,0.818963,0.839023
615.000000,0.839123,0.840394,0.833441,0.820733,0.839522
616.000000,0.837478,0.839347,0.832868,0.821754,0.825318
617.000000,0.836332,0.838824,0.832158,0.822975,0.832046
618.000000,0.834438,0.837977,0.832170,0.824894,0.836282
619.000000,0.836731,0.839422,0.832607,0.827378,0.850486
620.000000,0.840817,0.839970,0.834114,0.829795,0.859955
621.000000,0.850934,0.844206,0.836855,0.832735,0.875903
622.000000,0.860753,0.848542,0.840618,0.835734,0.881136
623.000000,0.866235,0.850336,0.843309,0.838799,0.863693
624.000000,0.867431,0.852081,0.845415,0.839796,0.856466
625.000000,0.866035,0.853426,0.846910,0.840103,0.852978
626.000000,0.855171,0.853053,0.846200,0.839596,0.821580
627.000000,0.843808,0.852280,0.845552,0.838865,0.824321
628.000000,0.836033,0.851134,0.844555,0.838492,0.824819
629.000000,0.827909,0.847670,0.843546,0.837628,0.815848
630.000000,0.818340,0.842188,0.841079,0.836805,0.805133
631.000000,0.816247,0.835709,0.839958,0.836473,0.811114
632.000000,0.806927,0.825368,0.836955,0.835535,0.777722
633.000000,0.796362,0.816197,0.833267,0.834272,0.771991
634.000000,0.787740,0.807825,0.829953,0.832885,0.772739
635.000000,0.785946,0.802143,0.827785,0.831988,0.796162
636.000000,0.784799,0.800523,0.826788,0.830974,0.805383
637.000000,0.787441,0.797184,0.824732,0.829429,0.790929
638.000000,0.791029,0.793695,0.822415,0.827602,0.789933
639.000000,0.791926,0.789833,0.818752,0.825642,0.777224
640.000000,0.788188,0.787067,0.814627,0.823075,0.777473
641.000000,0.783803,0.784301,0.810005,0.821405,0.783454
642.000000,0.782906,0.785173,0.805270,0.819694,0.786444
643.000000,0.779666,0.785348,0.800772,0.817294,0.773735
644.000000,0.774682,0.783304,0.795564,0.814403,0.752305
645.000000,0.766459,0.777324,0.789733,0.810964,0.736357
646.000000,0.759980,0.771891,0.786207,0.808489,0.751059
647.000000,0.755544,0.769225,0.783205,0.806230,0.764266
648.000000,0.754199,0.766932,0.780314,0.803921,0.767007
649.000000,0.757388,0.766035,0.777934,0.801179,0.768253
650.000000,0.762621,0.764540,0.775804,0.797932,0.762522
651.000000,0.765363,0.762671,0.773486,0.794227,0.764765
652.000000,0.764665,0.760105,0.772639,0.790215,0.760777
653.000000,0.762970,0.758585,0.771966,0.786710,0.758535
654.000000,0.760130,0.758759,0.771032,0.783296,0.754049
655.000000,0.762970,0.762796,0.770060,0.780754,0.776726
656.000000,0.762422,0.763892,0.767892,0.778769,0.762023
657.000000,0.757089,0.760877,0.765051,0.775762,0.734114
658.000000,0.749763,0.756367,0.761650,0.772332,0.721904
659.000000,0.743484,0.751807,0.758921,0.769225,0.722651
660.000000,0.730875,0.746923,0.755731,0.766177,0.713681
661.000000,0.723947,0.743185,0.752928,0.763386,0.727386
662.000000,0.722153,0.739621,0.749863,0.761633,0.725143
663.000000,0.717618,0.733691,0.746138,0.759208,0.699228
664.000000,0.708896,0.726190,0.742474,0.756084,0.679043
665.000000,0.694792,0.712833,0.737815,0.750984,0.643160
666.000000,0.678296,0.701121,0.732507,0.745635,0.644904
667.000000,0.663593,0.692873,0.726875,0.740992,0.651632
668.000000,0.657663,0.687640,0.722003,0.736980,0.669574
669.000000,0.657065,0.682980,0.717393,0.733607,0.676053
670.000000,0.665487,0.680140,0.713531,0.730534,0.685273
671.000000,0.668677,0.673486,0.708335,0.726447,0.660852
672.000000,0.670920,0.667256,0.703439,0.722327,0.662846
673.000000,0.670272,0.663967,0.698829,0.718747,0.666334
674.000000,0.665587,0.661326,0.693758,0.715425,0.652629
675.000000,0.663394,0.664441,0.688637,0.713357,0.674308
676.000000,0.666334,0.667506,0.684313,0.710840,0.675554
677.000000,0.668876,0.669898,0.681385,0.707883,0.675554
678.000000,0.671617,0.670944,0.679292,0.704984,0.680040
679.000000,0.675953,0.670770,0.676875,0.701852,0.674308
680.000000,0.678146,0.670770,0.675455,0.699277,0.685273
681.000000,0.681186,0.673760,0.673623,0.696810,0.690755
682.000000,0.683329,0.676103,0.671680,0.694327,0.686270
683.000000,0.683080,0.677349,0.670658,0.691669,0.678794
684.000000,0.685223,0.680588,0.670957,0.689368,0.685024
685.000000,0.680439,0.679292,0.671866,0.685522,0.661351
686.000000,0.671069,0.676128,0.671817,0.681585,0.643907
687.000000,0.664341,0.673835,0.671866,0.678869,0.652629
688.000000,0.660254,0.671667,0.671306,0.676751,0.658360
689.000000,0.653925,0.669574,0.670172,0.674441,0.653377
690.000000,0.655221,0.667830,0.669300,0.672913,0.667830
691.000000,0.663543,0.667306,0.670533,0.671518,0.685522
692.000000,0.669125,0.666733,0.671418,0.670031,0.680538
693.000000,0.676551,0.668403,0.672876,0.669906,0.695490
694.000000,0.690506,0.672215,0.676402,0.671376,0.723150
695.000000,0.703414,0.679317,0.679305,0.674350,0.732370
696.000000,0.714179,0.688861,0.682494,0.677498,0.739347
697.000000,0.727934,0.698530,0.686182,0.680754,0.749315
698.000000,0.736756,0.706653,0.689160,0.683088,0.739596
699.000000,0.739397,0.714951,0.692263,0.685098,0.736357
700.000000,0.738998,0.721206,0.694518,0.686602,0.730376
701.000000,0.736706,0.725442,0.696374,0.688836,0.727884
702.000000,0.734214,0.731074,0.698904,0.691303,0.736855
703.000000,0.727635,0.732195,0.700299,0.692649,0.706703
704.000000,0.724097,0.731747,0.701981,0.694850,0.718664
705.000000,0.723449,0.731224,0.705270,0.696611,0.727137
706.000000,0.721904,0.729305,0.709083,0.698098,0.720159
707.000000,0.720608,0.727411,0.712970,0.699925,0.730376
708.000000,0.726688,0.727162,0.716908,0.701827,0.737104
709.000000,0.727486,0.725791,0.720371,0.703439,0.722651
710.000000,0.723997,0.723723,0.722464,0.704253,0.709693
711.000000,0.727934,0.724919,0.725181,0.705889,0.739846
712.000000,0.727635,0.724122,0.727598,0.707310,0.728881
713.000000,0.727087,0.726888,0.729541,0.709162,0.734363
714.000000,0.732918,0.730202,0.730974,0.711388,0.751807
715.000000,0.741141,0.732569,0.731896,0.714370,0.750810
716.000000,0.743932,0.735933,0.732619,0.718033,0.753800
717.000000,0.751109,0.739372,0.733391,0.721771,0.764765
718.000000,0.756840,0.741964,0.734563,0.725260,0.763020
719.000000,0.757588,0.745253,0.735522,0.728665,0.755544
720.000000,0.761326,0.751233,0.737478,0.732054,0.769499
721.000000,0.767057,0.755495,0.740207,0.735285,0.782457
722.000000,0.763618,0.757364,0.740743,0.737520,0.747570
723.000000,0.760329,0.758585,0.742736,0.739223,0.746574
724.000000,0.760628,0.759108,0.744655,0.740352,0.757040
725.000000,0.758036,0.759681,0.746125,0.741158,0.756541
726.000000,0.756591,0.761824,0.748879,0.742354,0.775231
727.000000,0.762671,0.763145,0.751258,0.743309,0.777972
728.000000,0.767805,0.764067,0.753015,0.744397,0.772240
729.000000,0.770695,0.765662,0.755457,0.745569,0.771493
730.000000,0.774234,0.766135,0.758684,0.747030,0.774234
731.000000,0.774682,0.765637,0.760566,0.748683,0.777473
732.000000,0.777124,0.769898,0.763631,0.750461,0.790182
733.000000,0.781311,0.774558,0.766571,0.753343,0.793172
734.000000,0.786942,0.778819,0.768963,0.756043,0.799651
735.000000,0.791876,0.783055,0.771368,0.758435,0.798904
736.000000,0.793820,0.784251,0.773038,0.760669,0.787192
737.000000,0.795166,0.786145,0.774645,0.762887,0.796910
738.000000,0.791677,0.786494,0.775280,0.764175,0.775729
739.000000,0.783254,0.785098,0.775380,0.765338,0.757538
740.000000,0.773337,0.782607,0.774371,0.766658,0.749315
741.000000,0.766459,0.780140,0.772888,0.767090,0.752803
742.000000,0.753700,0.774433,0.772165,0.767231,0.733117
743.000000,0.742636,0.767157,0.770857,0.766766,0.720409
744.000000,0.740244,0.761749,0.770284,0.766559,0.745577
745.000000,0.739546,0.756442,0.769748,0.766393,0.745826
746.000000,0.734712,0.750586,0.767418,0.765554,0.728632
747.000000,0.733765,0.743733,0.764939,0.764341,0.728383
748.000000,0.735510,0.739073,0.762783,0.763211,0.729130
749.000000,0.733965,0.737104,0.761101,0.762621,0.737852
750.000000,0.737403,0.738475,0.760541,0.762406,0.763020
751.000000,0.743234,0.738973,0.759556,0.761583,0.757787
752.000000,0.749763,0.741764,0.758099,0.762032,0.761027
753.000000,0.757887,0.746698,0.756927,0.762804,0.769748
754.000000,0.761824,0.747894,0.754822,0.762821,0.757538
755.000000,0.758884,0.748144,0.752293,0.762547,0.748318
756.000000,0.756143,0.749689,0.750137,0.761508,0.744082
757.000000,0.751707,0.750735,0.747234,0.760204,0.738849
758.000000,0.743234,0.750561,0.744817,0.758709,0.727386
759.000000,0.732868,0.747346,0.742225,0.756516,0.705706
760.000000,0.721804,0.740344,0.739409,0.753808,0.692998
761.000000,0.709095,0.732619,0.735796,0.750577,0.680538
762.000000,0.699178,0.725442,0.733603,0.747213,0.689260
763.000000,0.688512,0.715873,0.731286,0.743243,0.674059
764.000000,0.681236,0.707052,0.727473,0.738899,0.669325
765.000000,0.672863,0.697334,0.722739,0.733973,0.651134
766.000000,0.664989,0.687042,0.718365,0.729105,0.641166
767.000000,0.652380,0.675779,0.713257,0.723416,0.626215
768.000000,0.641366,0.664939,0.707750,0.718191,0.618988
769.000000,0.636980,0.659108,0.703227,0.714519,0.647396
770.000000,0.632644,0.652754,0.696549,0.710524,0.629454
771.000000,0.635335,0.650162,0.691390,0.707251,0.654622
772.000000,0.639870,0.646125,0.685784,0.704444,0.648891
773.000000,0.647346,0.644356,0.680115,0.702309,0.656367
774.000000,0.654622,0.645801,0.676427,0.700249,0.683778
775.000000,0.662995,0.647820,0.672577,0.697766,0.671318
776.000000,0.660753,0.648044,0.667543,0.694925,0.643409
777.000000,0.659706,0.649788,0.662783,0.692101,0.643658
778.000000,0.660154,0.653750,0.659345,0.689750,0.658610
779.000000,0.652131,0.653377,0.656242,0.686610,0.643658
780.000000,0.639272,0.651134,0.651944,0.681410,0.607027
781.000000,0.629105,0.644929,0.647545,0.675903,0.592574
782.000000,0.620483,0.640095,0.643110,0.670554,0.600548
783.000000,0.604137,0.632146,0.638251,0.664125,0.576875
784.000000,0.597359,0.624745,0.635273,0.659199,0.609768
785.000000,0.601246,0.620259,0.634039,0.655137,0.626464
786.000000,0.612659,0.620882,0.634463,0.651989,0.649639
787.000000,0.622676,0.621580,0.635684,0.649049,0.650635
788.000000,0.637179,0.620658,0.637204,0.646449,0.649389
789.000000,0.648642,0.623000,0.638188,0.645162,0.667082
790.000000,0.654224,0.627735,0.639434,0.643874,0.654373
791.000000,0.657214,0.634936,0.639933,0.643342,0.664590
792.000000,0.663344,0.643010,0.641552,0.643077,0.681286
793.000000,0.672564,0.654872,0.643509,0.643791,0.695490
794.000000,0.676003,0.662322,0.643534,0.644289,0.684276
795.000000,0.688064,0.671144,0.645701,0.646408,0.714677
796.000000,0.699427,0.678320,0.649601,0.649082,0.721405
797.000000,0.709195,0.686270,0.653925,0.652546,0.730127
798.000000,0.716372,0.694468,0.657563,0.656292,0.731373
799.000000,0.727286,0.701645,0.662322,0.659340,0.738849
800.000000,0.725392,0.706728,0.667231,0.661866,0.705208
801.000000,0.725293,0.712360,0.673648,0.664075,0.720907
802.000000,0.724894,0.717045,0.680027,0.666717,0.728134
803.000000,0.730127,0.723249,0.689061,0.670089,0.757538
804.000000,0.732469,0.729878,0.696100,0.672315,0.750561
805.000000,0.740444,0.732918,0.702031,0.674774,0.745078
806.000000,0.748717,0.737005,0.707663,0.678736,0.762273
807.000000,0.759930,0.742412,0.714341,0.683421,0.784201
808.000000,0.765512,0.747820,0.721144,0.687648,0.785447
809.000000,0.769898,0.751184,0.726414,0.691943,0.772489
810.000000,0.776975,0.758709,0.732719,0.697724,0.780463
811.000000,0.776825,0.762771,0.737565,0.703356,0.761525
812.000000,0.772440,0.766185,0.741615,0.708747,0.762273
813.000000,0.767555,0.766534,0.744892,0.714885,0.761027
814.000000,0.768752,0.769325,0.749601,0.720508,0.778470
815.000000,0.767007,0.771991,0.752455,0.725351,0.771742
816.000000,0.768154,0.772489,0.754747,0.729272,0.767256
817.000000,0.769250,0.770845,0.756628,0.733176,0.767755
818.000000,0.768901,0.768228,0.758024,0.736839,0.759282
819.000000,0.761226,0.764989,0.758086,0.739272,0.740095
820.000000,0.755495,0.761251,0.759980,0.742229,0.743085
821.000000,0.747820,0.757987,0.760379,0.744372,0.728881
822.000000,0.741590,0.755420,0.760802,0.746216,0.736606
823.000000,0.738101,0.753501,0.760017,0.747761,0.741839
824.000000,0.740942,0.751084,0.760204,0.750096,0.754299
825.000000,0.744680,0.750087,0.761039,0.751665,0.761774
826.000000,0.750262,0.749041,0.760765,0.752845,0.756790
827.000000,0.754348,0.747969,0.759407,0.753742,0.757040
828.000000,0.758186,0.748144,0.758186,0.754730,0.761027
829.000000,0.759681,0.750311,0.757650,0.755495,0.761774
830.000000,0.759631,0.752155,0.756703,0.757372,0.761525
831.000000,0.760777,0.755520,0.756753,0.758759,0.762522
832.000000,0.764366,0.759357,0.757388,0.760321,0.774981
833.000000,0.768652,0.763419,0.758460,0.761151,0.782457
834.000000,0.776277,0.767979,0.759532,0.762796,0.799900
835.000000,0.788438,0.774034,0.762061,0.765371,0.822327
836.000000,0.796761,0.778769,0.763905,0.766766,0.804137
837.000000,0.803688,0.784027,0.765998,0.767614,0.809619
838.000000,0.810715,0.789684,0.768914,0.768685,0.817593
839.000000,0.812011,0.794144,0.772228,0.769815,0.806379
840.000000,0.807326,0.797882,0.775019,0.770429,0.798904
841.000000,0.806230,0.801495,0.778507,0.771667,0.798654
842.000000,0.804585,0.804137,0.781747,0.772971,0.801395
843.000000,0.797259,0.803987,0.783703,0.773636,0.780962
844.000000,0.795216,0.803613,0.785796,0.774225,0.796162
845.000000,0.797259,0.802293,0.788163,0.775471,0.809120
846.000000,0.799651,0.802940,0.790855,0.776917,0.810615
847.000000,0.798605,0.801595,0.792811,0.777864,0.796162
848.000000,0.805083,0.801171,0.795427,0.779666,0.813357
849.000000,0.807326,0.801271,0.797707,0.781909,0.807376
850.000000,0.803937,0.800598,0.799240,0.783545,0.792175
851.000000,0.798654,0.799153,0.800324,0.785389,0.784201
852.000000,0.797010,0.797807,0.800972,0.787100,0.787939
853.000000,0.790929,0.798006,0.800997,0.788471,0.782955
854.000000,0.789434,0.798380,0.800997,0.789991,0.799900
855.000000,0.792325,0.798131,0.800212,0.791486,0.806628
856.000000,0.795016,0.796835,0.799888,0.792848,0.797658
857.000000,0.797608,0.797309,0.799452,0.794310,0.800897
858.000000,0.801047,0.795988,0.798580,0.795614,0.800150
859.000000,0.800997,0.795216,0.798243,0.796877,0.799651
860.000000,0.799402,0.795863,0.798231,0.798114,0.798654
861.000000,0.799302,0.797159,0.798156,0.799269,0.797159
862.000000,0.801395,0.799502,0.798654,0.800482,0.811363
863.000000,0.804585,0.802816,0.800411,0.801603,0.816098
864.000000,0.809718,0.805358,0.801869,0.802450,0.825318
865.000000,0.815549,0.807476,0.802803,0.802633,0.827810
866.000000,0.819287,0.809295,0.803065,0.803024,0.815848
867.000000,0.816297,0.808846,0.803077,0.802583,0.796412
868.000000,0.810067,0.807326,0.801657,0.801495,0.784949
869.000000,0.803090,0.806404,0.800810,0.800964,0.790431
870.000000,0.795963,0.805756,0.800810,0.800739,0.792175
871.000000,0.793172,0.806230,0.801694,0.800847,0.801894
872.000000,0.797558,0.806927,0.803215,0.801412,0.818340
873.000000,0.804186,0.807127,0.804971,0.802650,0.818091
874.000000,0.808124,0.805607,0.805482,0.803115,0.810117
875.000000,0.818839,0.807401,0.807438,0.804336,0.845751
876.000000,0.812310,0.802741,0.806018,0.802957,0.769250
877.000000,0.795415,0.796486,0.802666,0.800880,0.733865
878.000000,0.782208,0.793197,0.800262,0.798837,0.752056
879.000000,0.773237,0.790680,0.798542,0.797433,0.765263
880.000000,0.762422,0.790630,0.798193,0.797417,0.791677
881.000000,0.766110,0.789210,0.797720,0.797533,0.787690
882.000000,0.773985,0.784700,0.795814,0.797043,0.773237
883.000000,0.780214,0.781211,0.794169,0.797051,0.783205
884.000000,0.785447,0.779342,0.792474,0.796769,0.791428
885.000000,0.790830,0.776626,0.792013,0.797168,0.818590
886.000000,0.797658,0.781884,0.792312,0.797973,0.821829
887.000000,0.812360,0.793172,0.794829,0.799502,0.846748
888.000000,0.825069,0.802641,0.797919,0.801055,0.846748
889.000000,0.837628,0.811538,0.801109,0.802874,0.854224
890.000000,0.845103,0.817967,0.804299,0.804784,0.855968
891.000000,0.853077,0.825368,0.807289,0.806936,0.861699
892.000000,0.854573,0.833466,0.809083,0.808364,0.854224
893.000000,0.858759,0.841914,0.811562,0.810084,0.867680
894.000000,0.863145,0.850386,0.814864,0.811778,0.876153
895.000000,0.865238,0.855171,0.815898,0.813066,0.866434
896.000000,0.867331,0.860204,0.821044,0.814943,0.872165
897.000000,0.875206,0.864889,0.829031,0.818183,0.893596
898.000000,0.881934,0.870346,0.836494,0.822062,0.901321
899.000000,0.885821,0.874483,0.843010,0.825567,0.895589
900.000000,0.889409,0.877324,0.847645,0.828640,0.884376
901.000000,0.891104,0.879218,0.852293,0.831265,0.880638
902.000000,0.885721,0.880463,0.856965,0.832876,0.866683
903.000000,0.880439,0.881186,0.861550,0.834770,0.874907
904.000000,0.875156,0.880488,0.865437,0.836739,0.869175
905.000000,0.876701,0.883055,0.869113,0.838284,0.892101
906.000000,0.877149,0.884127,0.872165,0.842072,0.882881
907.000000,0.876800,0.881261,0.873075,0.846441,0.864939
908.000000,0.875056,0.877747,0.874047,0.850245,0.866185
909.000000,0.876202,0.875679,0.875081,0.853900,0.874907
910.000000,0.869923,0.873312,0.875318,0.856201,0.860703
911.000000,0.868228,0.872689,0.875953,0.859091,0.874408
912.000000,0.861899,0.869350,0.874907,0.861093,0.833292
913.000000,0.847994,0.861525,0.871356,0.861542,0.796661
914.000000,0.835036,0.855619,0.868054,0.862165,0.810117
915.000000,0.824869,0.847396,0.865226,0.861874,0.809868
916.000000,0.810615,0.839422,0.861774,0.861251,0.803140
917.000000,0.806878,0.834388,0.857825,0.860179,0.814603
918.000000,0.807924,0.827959,0.852853,0.858684,0.801894
919.000000,0.806280,0.820658,0.848168,0.856940,0.801894
920.000000,0.803239,0.814054,0.843683,0.854897,0.794667
921.000000,0.802841,0.806728,0.839708,0.852878,0.801146
922.000000,0.798605,0.802741,0.836045,0.850851,0.793421
923.000000,0.791876,0.799900,0.830713,0.847537,0.768253
924.000000,0.783205,0.794742,0.825181,0.843617,0.758535
925.000000,0.777075,0.790157,0.818776,0.840203,0.764017
926.000000,0.768453,0.785647,0.812534,0.836398,0.758036
927.000000,0.761226,0.779915,0.807152,0.831855,0.757289
928.000000,0.757787,0.774832,0.801395,0.826846,0.751059
929.000000,0.749913,0.766559,0.793608,0.820965,0.719163
930.000000,0.741989,0.759532,0.786793,0.815633,0.724396
931.000000,0.731822,0.750137,0.778433,0.809851,0.707202
932.000000,0.720309,0.740768,0.771754,0.804286,0.699726
933.000000,0.711139,0.734463,0.767182,0.798629,0.705208
934.000000,0.706404,0.728158,0.761450,0.792840,0.695490
935.000000,0.702018,0.722003,0.756080,0.786519,0.702467
936.000000,0.698131,0.714976,0.750311,0.780015,0.687765
937.000000,0.698580,0.709444,0.744680,0.774583,0.701969
938.000000,0.700872,0.706005,0.740419,0.769599,0.716671
939.000000,0.704012,0.705208,0.735883,0.764142,0.711189
940.000000,0.707899,0.704959,0.732245,0.759515,0.721904
941.000000,0.714478,0.706305,0.728221,0.754390,0.720658
942.000000,0.721007,0.709793,0.725280,0.751101,0.734613
943.000000,0.724296,0.712584,0.723524,0.748982,0.733117
944.000000,0.730227,0.717119,0.722639,0.746673,0.740842
945.000000,0.733915,0.720907,0.721455,0.744356,0.740344
946.000000,0.735011,0.724745,0.719860,0.741789,0.726140
947.000000,0.735410,0.728208,0.718826,0.739189,0.736606
948.000000,0.734812,0.729554,0.717780,0.736797,0.730127
949.000000,0.729878,0.730052,0.717630,0.733940,0.716172
950.000000,0.725592,0.729753,0.717356,0.731415,0.718914
951.000000,0.719013,0.727012,0.716658,0.727818,0.693247
952.000000,0.710640,0.723025,0.716409,0.724529,0.694742
953.000000,0.703314,0.719063,0.715824,0.722037,0.693496
954.000000,0.697683,0.713780,0.715450,0.719686,0.688014
955.000000,0.692649,0.709120,0.715014,0.717344,0.693745
956.000000,0.693247,0.706130,0.715437,0.715284,0.696237
957.000000,0.693147,0.701894,0.715051,0.713182,0.694244
958.000000,0.690356,0.696835,0.713195,0.710798,0.679541
959.000000,0.687266,0.692474,0.711263,0.709245,0.672564
960.000000,0.684176,0.688413,0.709083,0.707708,0.678296
961.000000,0.679691,0.686469,0.706741,0.706595,0.673810
962.000000,0.677897,0.685522,0.704274,0.706113,0.685273
963.000000,0.678395,0.684376,0.701719,0.705341,0.682033
964.000000,0.682831,0.685049,0.699414,0.705316,0.694742
965.000000,0.685971,0.685074,0.697097,0.705034,0.693995
966.000000,0.687864,0.683778,0.694954,0.704884,0.683279
967.000000,0.685921,0.681909,0.691901,0.704004,0.675554
968.000000,0.685273,0.681834,0.689335,0.702741,0.678794
969.000000,0.680488,0.681660,0.687067,0.701395,0.670820
970.000000,0.678495,0.682233,0.685323,0.700133,0.684027
971.000000,0.680738,0.684301,0.685385,0.699261,0.694493
972.000000,0.702018,0.693970,0.689746,0.700839,0.781959
973.000000,0.726788,0.706030,0.695203,0.703156,0.802641
974.000000,0.753202,0.716845,0.700947,0.705225,0.802891
975.000000,0.800548,0.739522,0.712298,0.711238,0.920758
976.000000,0.849389,0.765064,0.724421,0.718324,0.938699
977.000000,0.880040,0.791029,0.736469,0.724944,0.935211
978.000000,0.904959,0.815873,0.748854,0.731514,0.927236
979.000000,0.927286,0.840244,0.760952,0.738126,0.914528
980.000000,0.927635,0.864092,0.773162,0.744912,0.922502
981.000000,0.924944,0.887167,0.785734,0.752646,0.925243
982.000000,0.925293,0.902666,0.798318,0.760719,0.936955
983.000000,0.927585,0.916272,0.811151,0.768893,0.938699
984.000000,0.928931,0.928109,0.822477,0.776667,0.921256
985.000000,0.924944,0.926290,0.832906,0.783628,0.902567
986.000000,0.921057,0.923000,0.844032,0.790614,0.905806
987.000000,0.916422,0.920857,0.855943,0.797932,0.913780
988.000000,0.912783,0.920184,0.868029,0.805964,0.920508
989.000000,0.914528,0.921729,0.880987,0.814544,0.929978
990.000000,0.924794,0.924869,0.894480,0.823731,0.953900
991.000000,0.938001,0.929529,0.908348,0.833666,0.971842
992.000000,0.955245,0.935834,0.919250,0.844156,1.000000
993.000000,0.971094,0.941939,0.929105,0.854747,0.999751
994.000000,0.982258,0.948393,0.938251,0.864449,0.985796
995.000000,0.985547,0.955171,0.940730,0.873661,0.970346
996.000000,0.981111,0.959556,0.941278,0.882540,0.949664
997.000000,0.971293,0.963269,0.942063,0.891719,0.950910
998.000000,0.960329,0.965711,0.942948,0.900590,0.944929
999.000000,0.952305,0.967281,0.944505,0.909752,0.945677
1000.000000,0.947072,0.966309,0.945589,0.918423,0.944181
1001.000000,0.945328,0.963220,0.946374,0.926638,0.940942
1002.000000,0.943085,0.957189,0.946511,0.931896,0.939696
1003.000000,0.941640,0.950984,0.946462,0.936398,0.937702
1004.000000,0.940543,0.946424,0.947408,0.940975,0.940194
1005.000000,0.935659,0.941366,0.948268,0.940942,0.919761
1006.000000,0.928732,0.937030,0.948293,0.939862,0.906305
1007.000000,0.922003,0.932544,0.947907,0.938890,0.906055
1008.000000,0.918864,0.930252,0.947982,0.938716,0.922003
1009.000000,0.922053,0.931298,0.949290,0.940103,0.956143
1010.000000,0.925343,0.930501,0.948405,0.940560,0.936207
1011.000000,0.928134,0.928433,0.945826,0.940394,0.920259
1012.000000,0.926489,0.924246,0.940718,0.939090,0.897832
1013.000000,0.927236,0.923050,0.937017,0.938658,0.925741
1014.000000,0.920209,0.921131,0.933778,0.938649,0.921007
1015.000000,0.909993,0.917668,0.929517,0.938068,0.885123
1016.000000,0.905158,0.916646,0.926838,0.937744,0.896088
1017.000000,0.901520,0.914004,0.923274,0.936606,0.879641
1018.000000,0.894294,0.910765,0.920508,0.935576,0.889609
1019.000000,0.886319,0.903264,0.917281,0.933948,0.881136
1020.000000,0.885971,0.897982,0.914241,0.931597,0.883379
1021.000000,0.882731,0.893945,0.911189,0.928532,0.879890
1022.000000,0.893297,0.897408,0.910827,0.926281,0.932469
1023.000000,0.910391,0.902342,0.912696,0.925459,0.975081
1024.000000,0.926489,0.906404,0.913768,0.924653,0.961625
1025.000000,0.938550,0.912260,0.914964,0.923764,0.943683
1026.000000,0.946972,0.914852,0.915749,0.922842,0.922003
1027.000000,0.944530,0.918914,0.916459,0.921821,0.920259
1028.000000,0.934912,0.922651,0.916708,0.921223,0.926987
1029.000000,0.924745,0.925617,0.914441,0.920060,0.910790
1030.000000,0.921505,0.930027,0.914004,0.919503,0.927486
1031.000000,0.922253,0.934613,0.914279,0.918997,0.925741
1032.000000,0.928183,0.936357,0.916883,0.919337,0.949913
1033.000000,0.927336,0.931124,0.916733,0.918839,0.922751
1034.000000,0.935011,0.929878,0.918141,0.919138,0.949165
1035.000000,0.940892,0.931199,0.921729,0.920375,0.956890
1036.000000,0.944680,0.933466,0.924159,0.921655,0.944680
1037.000000,0.945776,0.936980,0.927947,0.923299,0.955395
1038.000000,0.954847,0.941091,0.931871,0.924836,0.968104
1039.000000,0.956392,0.945701,0.935659,0.924861,0.956890
1040.000000,0.953152,0.947022,0.938525,0.925010,0.940693
1041.000000,0.955644,0.950162,0.942387,0.926240,0.957139
1042.000000,0.953900,0.949838,0.943097,0.927868,0.946673
1043.000000,0.941440,0.948144,0.939634,0.927203,0.905806
1044.000000,0.928333,0.942362,0.936120,0.926215,0.891353
1045.000000,0.925343,0.939247,0.935223,0.927569,0.925741
1046.000000,0.915076,0.935360,0.934413,0.927893,0.905806
1047.000000,0.914328,0.934114,0.935547,0.930002,0.942935
1048.000000,0.917369,0.929404,0.935248,0.931049,0.921007
1049.000000,0.924047,0.926190,0.935946,0.932503,0.924745
1050.000000,0.920857,0.923100,0.935061,0.933383,0.909793
1051.000000,0.920957,0.918016,0.934089,0.934264,0.906305
1052.000000,0.910840,0.912584,0.931211,0.932926,0.892350
1053.000000,0.901620,0.909494,0.928819,0.929587,0.874907
1054.000000,0.896437,0.910242,0.926302,0.927494,0.898829
1055.000000,0.895141,0.907999,0.923623,0.926148,0.903314
1056.000000,0.891901,0.906429,0.920895,0.925085,0.890107
1057.000000,0.894593,0.902716,0.918415,0.924603,0.905806
1058.000000,0.899427,0.900523,0.914964,0.923673,0.899078
1059.000000,0.897334,0.896885,0.911538,0.922925,0.888363
1060.000000,0.891752,0.893446,0.908273,0.921189,0.875405
1061.000000,0.883578,0.887740,0.902878,0.918639,0.849240
1062.000000,0.874159,0.884376,0.898480,0.915599,0.858709
1063.000000,0.866484,0.882955,0.896225,0.913531,0.860703
1064.000000,0.858759,0.878046,0.894144,0.910217,0.849738
1065.000000,0.852430,0.872091,0.890045,0.906446,0.843758
1066.000000,0.854622,0.869100,0.887765,0.903630,0.860204
1067.000000,0.857513,0.865836,0.884276,0.900889,0.873162
1068.000000,0.862896,0.864690,0.882607,0.898206,0.887615
1069.000000,0.870321,0.864540,0.880713,0.895872,0.886868
1070.000000,0.875355,0.863892,0.878669,0.893480,0.868926
1071.000000,0.877050,0.865836,0.876788,0.890531,0.868677
1072.000000,0.876900,0.867207,0.875791,0.888055,0.872415
1073.000000,0.875754,0.869325,0.876140,0.887258,0.881884
1074.000000,0.862945,0.866633,0.872340,0.884974,0.822826
1075.000000,0.857513,0.866434,0.869262,0.882175,0.841764
1076.000000,0.852380,0.864715,0.866908,0.880081,0.843010
1077.000000,0.842263,0.859581,0.862709,0.876045,0.821829
1078.000000,0.828408,0.852081,0.858385,0.872431,0.812609
1079.000000,0.830152,0.846549,0.855544,0.869325,0.831547
1080.000000,0.830002,0.843758,0.853825,0.867032,0.841017
1081.000000,0.828059,0.840219,0.853028,0.864598,0.833292
1082.000000,0.830451,0.836357,0.851782,0.862646,0.833790
1083.000000,0.834438,0.831423,0.850374,0.861234,0.832544
1084.000000,0.838923,0.834538,0.850586,0.859739,0.853975
1085.000000,0.843509,0.836756,0.851595,0.858427,0.863942
1086.000000,0.849838,0.838948,0.851832,0.857588,0.864939
1087.000000,0.856766,0.843608,0.851595,0.856342,0.868428
1088.000000,0.860753,0.847595,0.849838,0.854789,0.852479
1089.000000,0.859357,0.849140,0.847845,0.853410,0.846997
1090.000000,0.856965,0.850237,0.846997,0.852629,0.851981
1091.000000,0.851632,0.850735,0.845477,0.852263,0.838276
1092.000000,0.845652,0.851209,0.843783,0.851591,0.838525
1093.000000,0.843658,0.852205,0.841814,0.850984,0.842512
1094.000000,0.839721,0.849539,0.842038,0.850237,0.827311
1095.000000,0.839771,0.848368,0.842562,0.850519,0.852230
1096.000000,0.838076,0.844854,0.841901,0.849506,0.829803
1097.000000,0.835883,0.840768,0.842188,0.847986,0.827560
1098.000000,0.827361,0.835510,0.841552,0.845062,0.799900
1099.000000,0.822975,0.831348,0.840244,0.842346,0.805383
1100.000000,0.813755,0.826763,0.838500,0.840253,0.806130
1101.000000,0.808722,0.823399,0.837067,0.838118,0.804635
1102.000000,0.804834,0.820359,0.835784,0.835975,0.808124
1103.000000,0.807575,0.817468,0.834837,0.833699,0.813606
1104.000000,0.808273,0.815624,0.832582,0.833234,0.808871
1105.000000,0.809270,0.811513,0.829940,0.832212,0.811114
1106.000000,0.810516,0.809619,0.827236,0.831140,0.810865
1107.000000,0.810067,0.807451,0.824109,0.830609,0.805881
1108.000000,0.807725,0.807650,0.821580,0.830252,0.801894
1109.000000,0.807526,0.807899,0.819624,0.829463,0.807874
1110.000000,0.805333,0.807301,0.817032,0.828100,0.800150
1111.000000,0.806828,0.808672,0.816035,0.827602,0.818340
1112.000000,0.809868,0.809968,0.815163,0.827178,0.821081
1113.000000,0.811114,0.809419,0.813444,0.826364,0.808124
1114.000000,0.810615,0.809071,0.812347,0.824745,0.805383
1115.000000,0.811662,0.808497,0.810005,0.822793,0.805383
1116.000000,0.809918,0.808373,0.808996,0.820949,0.809619
1117.000000,0.813955,0.811911,0.809681,0.820043,0.841266
1118.000000,0.818739,0.814926,0.811288,0.819362,0.832046
1119.000000,0.824969,0.817792,0.812846,0.819013,0.836531
1120.000000,0.829853,0.820758,0.814029,0.818274,0.829803
1121.000000,0.830202,0.820060,0.814366,0.817377,0.811363
1122.000000,0.824470,0.819213,0.814590,0.816513,0.812609
1123.000000,0.821331,0.820035,0.814727,0.815641,0.816347
1124.000000,0.815450,0.820209,0.814640,0.814968,0.807127
1125.000000,0.808622,0.819237,0.813867,0.813082,0.795664
1126.000000,0.807526,0.818864,0.813618,0.812285,0.805881
1127.000000,0.805831,0.815151,0.813531,0.811504,0.804137
1128.000000,0.805133,0.813232,0.814079,0.811936,0.812858
1129.000000,0.804635,0.810042,0.813917,0.811911,0.804635
1130.000000,0.808173,0.808398,0.814578,0.812152,0.813357
1131.000000,0.806628,0.807077,0.813568,0.811936,0.798156
1132.000000,0.806927,0.806379,0.812796,0.811853,0.805632
1133.000000,0.808074,0.806604,0.813319,0.812019,0.818590
1134.000000,0.809519,0.807077,0.813643,0.812119,0.811861
1135.000000,0.807326,0.807750,0.813494,0.811828,0.802392
1136.000000,0.810416,0.808522,0.813693,0.811920,0.813606
1137.000000,0.811363,0.809145,0.812148,0.812069,0.810366
1138.000000,0.808074,0.808074,0.810653,0.812077,0.802143
1139.000000,0.808423,0.808971,0.809507,0.812268,0.813606
1140.000000,0.810964,0.809145,0.808771,0.812767,0.815101
1141.000000,0.811612,0.811014,0.809046,0.812717,0.816845
1142.000000,0.813107,0.812235,0.809307,0.812609,0.817842
1143.000000,0.814603,0.811338,0.808971,0.812659,0.809619
1144.000000,0.814702,0.811562,0.809320,0.812950,0.814104
1145.000000,0.812509,0.811737,0.809743,0.812908,0.804137
1146.000000,0.808722,0.810167,0.809345,0.812518,0.797907
1147.000000,0.800449,0.806778,0.807962,0.810358,0.776476
1148.000000,0.797907,0.806255,0.807164,0.809187,0.796910
1149.000000,0.793122,0.803912,0.806442,0.807642,0.790182
1150.000000,0.790929,0.801719,0.805432,0.806421,0.793172
1151.000000,0.788737,0.798729,0.804872,0.805607,0.786942
1152.000000,0.792425,0.796437,0.804336,0.805017,0.794917
1153.000000,0.792026,0.794966,0.803152,0.804303,0.794917
1154.000000,0.791378,0.792250,0.801906,0.803630,0.786942
1155.000000,0.790032,0.790481,0.801109,0.803323,0.786444
1156.000000,0.787889,0.788313,0.799240,0.802334,0.776227
1157.000000,0.785049,0.788737,0.797757,0.801553,0.780713
1158.000000,0.794767,0.793396,0.799826,0.802575,0.843509
1159.000000,0.801894,0.796636,0.800274,0.803173,0.822577
1160.000000,0.803887,0.796960,0.799340,0.802608,0.796412
1161.000000,0.809419,0.798654,0.798692,0.802799,0.803887
1162.000000,0.814951,0.800000,0.798218,0.802891,0.808373
1163.000000,0.804834,0.799801,0.797384,0.802035,0.792923
1164.000000,0.797408,0.799651,0.795951,0.801155,0.785447
1165.000000,0.793073,0.798480,0.794480,0.800233,0.774732
1166.000000,0.784700,0.797060,0.792686,0.798513,0.762023
1167.000000,0.774882,0.794917,0.791827,0.796810,0.759282
1168.000000,0.772041,0.788438,0.790917,0.796030,0.778719
1169.000000,0.769350,0.783379,0.790007,0.794642,0.771991
1170.000000,0.769250,0.781161,0.789061,0.793280,0.774234
1171.000000,0.774284,0.779492,0.789073,0.792292,0.787192
1172.000000,0.780812,0.777847,0.788923,0.791428,0.791926
1173.000000,0.785846,0.778943,0.789372,0.791237,0.803887
1174.000000,0.794019,0.781685,0.790668,0.791195,0.812858
1175.000000,0.806130,0.787690,0.793085,0.792217,0.834787
1176.000000,0.815649,0.794966,0.796013,0.793446,0.834787
1177.000000,0.820683,0.800748,0.797832,0.794800,0.817094
1178.000000,0.825517,0.805682,0.797060,0.795839,0.828059
1179.000000,0.828557,0.811288,0.797334,0.797101,0.828059
1180.000000,0.826364,0.816247,0.798704,0.798123,0.823823
1181.000000,0.825766,0.820708,0.800100,0.799618,0.831797
1182.000000,0.832146,0.826414,0.802131,0.801420,0.848991
1183.000000,0.835485,0.830501,0.804722,0.803082,0.844755
1184.000000,0.838575,0.833566,0.807625,0.804967,0.843509
1185.000000,0.842960,0.834662,0.811176,0.806944,0.845751
1186.000000,0.847147,0.836457,0.815711,0.809494,0.852729
1187.000000,0.851832,0.841989,0.821368,0.812551,0.872415
1188.000000,0.857314,0.846399,0.826040,0.813506,0.872165
1189.000000,0.862746,0.850660,0.830974,0.815109,0.870670
1190.000000,0.870720,0.856840,0.836544,0.818083,0.885622
1191.000000,0.881934,0.864540,0.842624,0.821580,0.908796
1192.000000,0.889409,0.870620,0.848517,0.824961,0.909793
1193.000000,0.899576,0.878445,0.854473,0.829296,0.923000
1194.000000,0.909893,0.886319,0.859943,0.833857,0.922253
1195.000000,0.916222,0.893471,0.864067,0.838608,0.917269
1196.000000,0.919163,0.900548,0.868502,0.843990,0.923499
1197.000000,0.920508,0.904959,0.873474,0.849232,0.916521
1198.000000,0.917867,0.908722,0.877560,0.853601,0.909793
1199.000000,0.915674,0.912783,0.881722,0.858244,0.911288
1200.000000,0.913481,0.914852,0.885846,0.862646,0.906305
1201.000000,0.909046,0.914104,0.889322,0.866451,0.901321
1202.000000,0.906404,0.913456,0.892038,0.870164,0.903314
1203.000000,0.904610,0.911238,0.894842,0.873395,0.900822
1204.000000,0.901470,0.908572,0.897446,0.876153,0.895589
1205.000000,0.898081,0.905781,0.899626,0.877972,0.889360
1206.000000,0.896187,0.902616,0.901582,0.879874,0.891851
1207.000000,0.893297,0.899850,0.902405,0.882266,0.888861
1208.000000,0.889559,0.897084,0.902903,0.884068,0.882133
1209.000000,0.886120,0.893795,0.903289,0.885746,0.878395
1210.000000,0.884276,0.891179,0.903015,0.887624,0.880140
1211.000000,0.881136,0.888662,0.901383,0.889102,0.876153
1212.000000,0.877797,0.885547,0.899502,0.889875,0.872165
1213.000000,0.874408,0.881984,0.896611,0.890556,0.865188
1214.000000,0.874009,0.880065,0.894318,0.891652,0.876402
1215.000000,0.873561,0.878919,0.892350,0.892724,0.877897
1216.000000,0.873611,0.877374,0.889995,0.893513,0.876402
1217.000000,0.873910,0.875853,0.887852,0.893554,0.873661
1218.000000,0.876402,0.875405,0.886245,0.893737,0.877648
1219.000000,0.877747,0.875878,0.884837,0.894152,0.883130
1220.000000,0.880140,0.876850,0.884014,0.894294,0.889858
1221.000000,0.884874,0.879242,0.883952,0.894003,0.900075
1222.000000,0.890007,0.881959,0.883753,0.893654,0.899327
1223.000000,0.892898,0.884650,0.883317,0.892624,0.892101
1224.000000,0.893845,0.885796,0.882930,0.891478,0.887864
1225.000000,0.893247,0.886693,0.882806,0.890464,0.886868
1226.000000,0.890805,0.887840,0.882607,0.889277,0.887864
1227.000000,0.881435,0.885721,0.880787,0.887142,0.852479
1228.000000,0.872664,0.882781,0.879093,0.885090,0.848243
1229.000000,0.867082,0.880463,0.878171,0.883379,0.859955
1230.000000,0.862746,0.877997,0.877423,0.882008,0.865188
1231.000000,0.864590,0.877697,0.878470,0.881867,0.897084
1232.000000,0.876751,0.879093,0.880526,0.882200,0.913282
1233.000000,0.888163,0.880414,0.882532,0.882349,0.905308
1234.000000,0.896088,0.881585,0.883691,0.882482,0.899576
1235.000000,0.903613,0.883180,0.884936,0.882930,0.902816
1236.000000,0.907999,0.886295,0.887067,0.883836,0.919013
1237.000000,0.910541,0.893646,0.889684,0.885074,0.925991
1238.000000,0.916372,0.902268,0.892524,0.886818,0.934463
1239.000000,0.924296,0.910192,0.895328,0.888845,0.939198
1240.000000,0.933068,0.918340,0.898168,0.891062,0.946673
1241.000000,0.936108,0.922053,0.899875,0.892998,0.934214
1242.000000,0.939696,0.925118,0.902106,0.895390,0.943932
1243.000000,0.942636,0.929504,0.904959,0.898189,0.949165
1244.000000,0.947022,0.935659,0.908622,0.901013,0.961126
